accuracy_10 = 0.35728774268328023
accuracy_20 = 0.43668501883512023
accuracy_30 = 0.4720370906983483
accuracy_39 = 0.48246884960880904
loss_10 = 0.3725604759874167
loss_20 = 0.2944325979937006
loss_30 = 0.2738132136011565
loss_39 = 0.2694290178241553
macro_f1_10 = 0.30330667407186906
macro_f1_20 = 0.3284946164234057
macro_f1_30 = 0.3388598640023898
macro_f1_39 = 0.34105910444763615
macro_precision_10 = 0.3389773960113217
macro_precision_20 = 0.3190544823357896
macro_precision_30 = 0.3211006987431092
macro_precision_39 = 0.3237857440117847
macro_recall_10 = 0.2880355173209068
macro_recall_20 = 0.3417071945155433
macro_recall_30 = 0.36001859363622163
macro_recall_39 = 0.36153417412220257
micro_f1_10 = 0.4465894465894466
micro_f1_20 = 0.5408362641656896
micro_f1_30 = 0.5763157894736842
micro_f1_39 = 0.5843293492695883
micro_precision_10 = 0.40171335957397547
micro_precision_20 = 0.4912446758163748
micro_precision_30 = 0.5278380332610267
micro_precision_39 = 0.5393478793822015
micro_recall_10 = 0.5027528252680382
micro_recall_20 = 0.6015647638365691
micro_recall_30 = 0.6345986670530281
micro_recall_39 = 0.6374963778614894
weighted_f1_10 = 0.5372819620344763
weighted_f1_20 = 0.5802883841101809
weighted_f1_30 = 0.598363502794399
weighted_f1_39 = 0.6025366516382223
weighted_precision_10 = 0.610303667736434
weighted_precision_20 = 0.5650615169194905
weighted_precision_30 = 0.5677687665092536
weighted_precision_39 = 0.5728628268387586
weighted_recall_10 = 0.5027528252680382
weighted_recall_20 = 0.6015647638365691
weighted_recall_30 = 0.6345986670530281
weighted_recall_39 = 0.6374963778614894
