accuracy_10 = 0.33447586403884605
accuracy_20 = 0.3758926021136818
loss_10 = 0.40314492800019003
loss_20 = 0.3505530893802643
macro_f1_10 = 0.29673125265904204
macro_f1_20 = 0.3075648198376616
macro_precision_10 = 0.3468316939135227
macro_precision_20 = 0.3268829942707759
macro_recall_10 = 0.2777856596602976
macro_recall_20 = 0.29940789546356117
micro_f1_10 = 0.42483907610753496
micro_f1_20 = 0.4672539256989659
micro_precision_10 = 0.3805970149253731
micro_precision_20 = 0.4224376731301939
micro_recall_10 = 0.480719794344473
micro_recall_20 = 0.5227077977720651
weighted_f1_10 = 0.5229323193523804
weighted_f1_20 = 0.5429667548657096
weighted_precision_10 = 0.6278535044446866
weighted_precision_20 = 0.5843976528877465
weighted_recall_10 = 0.480719794344473
weighted_recall_20 = 0.5227077977720651
